HB03333.003.tif 1 0 0 0 0
HB03335.003.tif 1 0 0 0 0
HB03338.003.tif 1 0 0 0 0
HB03341.003.tif 1 0 0 0 0
HB03343.003.tif 1 0 0 0 0
HB03347.003.tif 1 0 0 0 0
HB03351.003.tif 1 0 0 0 0
HB03353.003.tif 1 0 0 0 0
HB03355.003.tif 1 0 0 0 0
HB03358.003.tif 1 0 0 0 0
HB03363.003.tif 1 0 0 0 0
HB03365.003.tif 1 0 0 0 0
HB03367.003.tif 1 0 0 0 0
HB03375.003.tif 1 0 0 0 0
HB14931.000.tif 0 1 0 0 0
HB14931.001.tif 0 0 1 0 0
HB14931.005.tif 0 0 0 0 1
HB14931.015.tif 0 0 0 1 0
HB14933.000.tif 0 1 0 0 0
HB14933.001.tif 0 0 1 0 0
HB14933.005.tif 0 0 0 0 1
HB14933.015.tif 0 0 0 1 0
HB14935.000.tif 0 1 0 0 0
HB14935.001.tif 0 0 1 0 0
HB14935.005.tif 0 0 0 0 1
HB14935.015.tif 0 0 0 1 0
HB14937.000.tif 0 1 0 0 0
HB14937.001.tif 0 0 1 0 0
HB14937.005.tif 0 0 0 0 1
HB14937.015.tif 0 0 0 1 0
HB14939.000.tif 0 1 0 0 0
HB14939.001.tif 0 0 1 0 0
HB14939.005.tif 0 0 0 0 1
HB14939.015.tif 0 0 0 1 0
HB14941.000.tif 0 1 0 0 0
HB14941.001.tif 0 0 1 0 0
HB14941.005.tif 0 0 0 0 1
HB14941.015.tif 0 0 0 1 0
HB14943.000.tif 0 1 0 0 0
HB14943.001.tif 0 0 1 0 0
HB14943.005.tif 0 0 0 0 1
HB14943.015.tif 0 0 0 1 0
HB14945.000.tif 0 1 0 0 0
HB14945.001.tif 0 0 1 0 0
HB14945.005.tif 0 0 0 0 1
HB14945.015.tif 0 0 0 1 0
HB14947.000.tif 0 1 0 0 0
HB14947.001.tif 0 0 1 0 0
HB14947.005.tif 0 0 0 0 1
HB14947.015.tif 0 0 0 1 0
HB14950.000.tif 0 1 0 0 0
HB14950.001.tif 0 0 1 0 0
HB14950.005.tif 0 0 0 0 1
HB14950.015.tif 0 0 0 1 0
HB14954.000.tif 0 1 0 0 0
HB14954.001.tif 0 0 1 0 0
HB14954.005.tif 0 0 0 0 1
HB14954.015.tif 0 0 0 1 0
HB14956.000.tif 0 1 0 0 0
HB14956.001.tif 0 0 1 0 0
HB14956.005.tif 0 0 0 0 1
HB14956.015.tif 0 0 0 1 0
HB14958.000.tif 0 1 0 0 0
HB14958.001.tif 0 0 1 0 0
HB14958.005.tif 0 0 0 0 1
HB14958.015.tif 0 0 0 1 0
HB14960.000.tif 0 1 0 0 0
HB14960.001.tif 0 0 1 0 0
HB14960.005.tif 0 0 0 0 1
HB14960.015.tif 0 0 0 1 0