HB03333.003.tif 1 0 0 0 0
HB03334.003.tif 1 0 0 0 0
HB03335.003.tif 1 0 0 0 0
HB03337.003.tif 1 0 0 0 0
HB03338.003.tif 1 0 0 0 0
HB03340.003.tif 1 0 0 0 0
HB03341.003.tif 1 0 0 0 0
HB03342.003.tif 1 0 0 0 0
HB03343.003.tif 1 0 0 0 0
HB03344.003.tif 1 0 0 0 0
HB03347.003.tif 1 0 0 0 0
HB03348.003.tif 1 0 0 0 0
HB03351.003.tif 1 0 0 0 0
HB03352.003.tif 1 0 0 0 0
HB03353.003.tif 1 0 0 0 0
HB03354.003.tif 1 0 0 0 0
HB03355.003.tif 1 0 0 0 0
HB03356.003.tif 1 0 0 0 0
HB03358.003.tif 1 0 0 0 0
HB03361.003.tif 1 0 0 0 0
HB03363.003.tif 1 0 0 0 0
HB03364.003.tif 1 0 0 0 0
HB03365.003.tif 1 0 0 0 0
HB03366.003.tif 1 0 0 0 0
HB03367.003.tif 1 0 0 0 0
HB03368.003.tif 1 0 0 0 0
HB03375.003.tif 1 0 0 0 0
HB03376.003.tif 1 0 0 0 0
HB03377.003.tif 1 0 0 0 0
HB03379.003.tif 1 0 0 0 0
HB03380.003.tif 1 0 0 0 0
HB03381.003.tif 1 0 0 0 0
HB03382.003.tif 1 0 0 0 0
HB03383.003.tif 1 0 0 0 0
HB03384.003.tif 1 0 0 0 0
HB03385.003.tif 1 0 0 0 0
HB03386.003.tif 1 0 0 0 0
HB03387.003.tif 1 0 0 0 0
HB03395.003.tif 1 0 0 0 0
HB03397.003.tif 1 0 0 0 0
HB03398.003.tif 1 0 0 0 0
HB03399.003.tif 1 0 0 0 0
HB03400.003.tif 1 0 0 0 0
HB03401.003.tif 1 0 0 0 0
HB03402.003.tif 1 0 0 0 0
HB03403.003.tif 1 0 0 0 0
HB03405.003.tif 1 0 0 0 0
HB03406.003.tif 1 0 0 0 0
HB03407.003.tif 1 0 0 0 0
HB03410.003.tif 1 0 0 0 0
HB03414.003.tif 1 0 0 0 0
HB03415.003.tif 1 0 0 0 0
HB03416.003.tif 1 0 0 0 0
HB03417.003.tif 1 0 0 0 0
HB03418.003.tif 1 0 0 0 0
HB03420.003.tif 1 0 0 0 0
HB03422.003.tif 1 0 0 0 0
HB03423.003.tif 1 0 0 0 0
HB03424.003.tif 1 0 0 0 0
HB03426.003.tif 1 0 0 0 0
HB03427.003.tif 1 0 0 0 0
HB03428.003.tif 1 0 0 0 0
HB03429.003.tif 1 0 0 0 0
HB03434.003.tif 1 0 0 0 0
HB03435.003.tif 1 0 0 0 0
HB03436.003.tif 1 0 0 0 0
HB03437.003.tif 1 0 0 0 0
HB03438.003.tif 1 0 0 0 0
HB03439.003.tif 1 0 0 0 0
HB03440.003.tif 1 0 0 0 0
HB03441.003.tif 1 0 0 0 0
HB03442.003.tif 1 0 0 0 0
HB03443.003.tif 1 0 0 0 0
HB03444.003.tif 1 0 0 0 0
HB03445.003.tif 1 0 0 0 0
HB03446.003.tif 1 0 0 0 0
HB04933.003.tif 1 0 0 0 0
HB04934.003.tif 1 0 0 0 0
HB04936.003.tif 1 0 0 0 0
HB04938.003.tif 1 0 0 0 0
HB04940.003.tif 1 0 0 0 0
HB04945.003.tif 1 0 0 0 0
HB04946.003.tif 1 0 0 0 0
HB04947.003.tif 1 0 0 0 0
HB04949.003.tif 1 0 0 0 0
HB04951.003.tif 1 0 0 0 0
HB04952.003.tif 1 0 0 0 0
HB04954.003.tif 1 0 0 0 0
HB04957.003.tif 1 0 0 0 0
HB04958.003.tif 1 0 0 0 0
HB04959.003.tif 1 0 0 0 0
HB04961.003.tif 1 0 0 0 0
HB04963.003.tif 1 0 0 0 0
HB04965.003.tif 1 0 0 0 0
HB04967.003.tif 1 0 0 0 0
HB04968.003.tif 1 0 0 0 0
HB04971.003.tif 1 0 0 0 0
HB04973.003.tif 1 0 0 0 0
HB04975.003.tif 1 0 0 0 0
HB04976.003.tif 1 0 0 0 0
HB04977.003.tif 1 0 0 0 0
HB04978.003.tif 1 0 0 0 0
HB04980.003.tif 1 0 0 0 0
HB04982.003.tif 1 0 0 0 0
HB04984.003.tif 1 0 0 0 0
HB04985.003.tif 1 0 0 0 0
HB04986.003.tif 1 0 0 0 0
HB04987.003.tif 1 0 0 0 0
HB04988.003.tif 1 0 0 0 0
HB04989.003.tif 1 0 0 0 0
HB04992.003.tif 1 0 0 0 0
HB04993.003.tif 1 0 0 0 0
HB04997.003.tif 1 0 0 0 0
HB04998.003.tif 1 0 0 0 0
HB04999.003.tif 1 0 0 0 0
HB05000.003.tif 1 0 0 0 0
HB05001.003.tif 1 0 0 0 0
HB05002.003.tif 1 0 0 0 0
HB05003.003.tif 1 0 0 0 0
HB05004.003.tif 1 0 0 0 0
HB05006.003.tif 1 0 0 0 0
HB05008.003.tif 1 0 0 0 0
HB05009.003.tif 1 0 0 0 0
HB05011.003.tif 1 0 0 0 0
HB05012.003.tif 1 0 0 0 0
HB05014.003.tif 1 0 0 0 0
HB05015.003.tif 1 0 0 0 0
HB05016.003.tif 1 0 0 0 0
HB05017.003.tif 1 0 0 0 0
HB05019.003.tif 1 0 0 0 0
HB05022.003.tif 1 0 0 0 0
HB05024.003.tif 1 0 0 0 0
HB05025.003.tif 1 0 0 0 0
HB05026.003.tif 1 0 0 0 0
HB05027.003.tif 1 0 0 0 0
HB05028.003.tif 1 0 0 0 0
HB05029.003.tif 1 0 0 0 0
HB05030.003.tif 1 0 0 0 0
HB05032.003.tif 1 0 0 0 0
HB05033.003.tif 1 0 0 0 0
HB05034.003.tif 1 0 0 0 0
HB05035.003.tif 1 0 0 0 0
HB05036.003.tif 1 0 0 0 0
HB05038.003.tif 1 0 0 0 0
HB05040.003.tif 1 0 0 0 0
HB05041.003.tif 1 0 0 0 0
HB05043.003.tif 1 0 0 0 0
HB05609.003.tif 1 0 0 0 0
HB05610.003.tif 1 0 0 0 0
HB05611.003.tif 1 0 0 0 0
HB05612.003.tif 1 0 0 0 0
HB05614.003.tif 1 0 0 0 0
HB05616.003.tif 1 0 0 0 0
HB05618.003.tif 1 0 0 0 0
HB05619.003.tif 1 0 0 0 0
HB05620.003.tif 1 0 0 0 0
HB05629.003.tif 1 0 0 0 0
HB05630.003.tif 1 0 0 0 0
HB05631.003.tif 1 0 0 0 0
HB05632.003.tif 1 0 0 0 0
HB05634.003.tif 1 0 0 0 0
HB05635.003.tif 1 0 0 0 0
HB05637.003.tif 1 0 0 0 0
HB05642.003.tif 1 0 0 0 0
HB05643.003.tif 1 0 0 0 0
HB05647.003.tif 1 0 0 0 0
HB05648.003.tif 1 0 0 0 0
HB05649.003.tif 1 0 0 0 0
HB05650.003.tif 1 0 0 0 0
HB05651.003.tif 1 0 0 0 0
HB05652.003.tif 1 0 0 0 0
HB05653.003.tif 1 0 0 0 0
HB05654.003.tif 1 0 0 0 0
HB05657.003.tif 1 0 0 0 0
HB05658.003.tif 1 0 0 0 0
HB05659.003.tif 1 0 0 0 0
HB05660.003.tif 1 0 0 0 0
HB05661.003.tif 1 0 0 0 0
HB05662.003.tif 1 0 0 0 0
HB05664.003.tif 1 0 0 0 0
HB05665.003.tif 1 0 0 0 0
HB05667.003.tif 1 0 0 0 0
HB05669.003.tif 1 0 0 0 0
HB05670.003.tif 1 0 0 0 0
HB05671.003.tif 1 0 0 0 0
HB05672.003.tif 1 0 0 0 0
HB05674.003.tif 1 0 0 0 0
HB05675.003.tif 1 0 0 0 0
HB05676.003.tif 1 0 0 0 0
HB05677.003.tif 1 0 0 0 0
HB05679.003.tif 1 0 0 0 0
HB05680.003.tif 1 0 0 0 0
HB05681.003.tif 1 0 0 0 0
HB05683.003.tif 1 0 0 0 0
HB05684.003.tif 1 0 0 0 0
HB14931.000.tif 0 1 0 0 0
HB14932.000.tif 0 1 0 0 0
HB14933.000.tif 0 1 0 0 0
HB14934.000.tif 0 1 0 0 0
HB14935.000.tif 0 1 0 0 0
HB14936.000.tif 0 1 0 0 0
HB14937.000.tif 0 1 0 0 0
HB14938.000.tif 0 1 0 0 0
HB14939.000.tif 0 1 0 0 0
HB14940.000.tif 0 1 0 0 0
HB14941.000.tif 0 1 0 0 0
HB14942.000.tif 0 1 0 0 0
HB14943.000.tif 0 1 0 0 0
HB14944.000.tif 0 1 0 0 0
HB14945.000.tif 0 1 0 0 0
HB14946.000.tif 0 1 0 0 0
HB14947.000.tif 0 1 0 0 0
HB14948.000.tif 0 1 0 0 0
HB14950.000.tif 0 1 0 0 0
HB14951.000.tif 0 1 0 0 0
HB14954.000.tif 0 1 0 0 0
HB14955.000.tif 0 1 0 0 0
HB14956.000.tif 0 1 0 0 0
HB14957.000.tif 0 1 0 0 0
HB14958.000.tif 0 1 0 0 0
HB14959.000.tif 0 1 0 0 0
HB14960.000.tif 0 1 0 0 0
HB14961.000.tif 0 1 0 0 0
HB14962.000.tif 0 1 0 0 0
HB14963.000.tif 0 1 0 0 0
HB14964.000.tif 0 1 0 0 0
HB14965.000.tif 0 1 0 0 0
HB14967.000.tif 0 1 0 0 0
HB14968.000.tif 0 1 0 0 0
HB14969.000.tif 0 1 0 0 0
HB14970.000.tif 0 1 0 0 0
HB14971.000.tif 0 1 0 0 0
HB14972.000.tif 0 1 0 0 0
HB14973.000.tif 0 1 0 0 0
HB14974.000.tif 0 1 0 0 0
HB14975.000.tif 0 1 0 0 0
HB14976.000.tif 0 1 0 0 0
HB14977.000.tif 0 1 0 0 0
HB14978.000.tif 0 1 0 0 0
HB14979.000.tif 0 1 0 0 0
HB14980.000.tif 0 1 0 0 0
HB14981.000.tif 0 1 0 0 0
HB14982.000.tif 0 1 0 0 0
HB14983.000.tif 0 1 0 0 0
HB14984.000.tif 0 1 0 0 0
HB14986.000.tif 0 1 0 0 0
HB14987.000.tif 0 1 0 0 0
HB14990.000.tif 0 1 0 0 0
HB14991.000.tif 0 1 0 0 0
HB14992.000.tif 0 1 0 0 0
HB14993.000.tif 0 1 0 0 0
HB14994.000.tif 0 1 0 0 0
HB14995.000.tif 0 1 0 0 0
HB14997.000.tif 0 1 0 0 0
HB14998.000.tif 0 1 0 0 0
HB14999.000.tif 0 1 0 0 0
HB15000.000.tif 0 1 0 0 0
HB15001.000.tif 0 1 0 0 0
HB15002.000.tif 0 1 0 0 0
HB15003.000.tif 0 1 0 0 0
HB15004.000.tif 0 1 0 0 0
HB15005.000.tif 0 1 0 0 0
HB15006.000.tif 0 1 0 0 0
HB15008.000.tif 0 1 0 0 0
HB15009.000.tif 0 1 0 0 0
HB15010.000.tif 0 1 0 0 0
HB15011.000.tif 0 1 0 0 0
HB15012.000.tif 0 1 0 0 0
HB15013.000.tif 0 1 0 0 0
HB15014.000.tif 0 1 0 0 0
HB15015.000.tif 0 1 0 0 0
HB15016.000.tif 0 1 0 0 0
HB15017.000.tif 0 1 0 0 0
HB15018.000.tif 0 1 0 0 0
HB15019.000.tif 0 1 0 0 0
HB15020.000.tif 0 1 0 0 0
HB15021.000.tif 0 1 0 0 0
HB15022.000.tif 0 1 0 0 0
HB15025.000.tif 0 1 0 0 0
HB15026.000.tif 0 1 0 0 0
HB15027.000.tif 0 1 0 0 0
HB15028.000.tif 0 1 0 0 0
HB15029.000.tif 0 1 0 0 0
HB15030.000.tif 0 1 0 0 0
HB15031.000.tif 0 1 0 0 0
HB15032.000.tif 0 1 0 0 0
HB15033.000.tif 0 1 0 0 0
HB15034.000.tif 0 1 0 0 0
HB15036.000.tif 0 1 0 0 0
HB15037.000.tif 0 1 0 0 0
HB15038.000.tif 0 1 0 0 0
HB15039.000.tif 0 1 0 0 0
HB15041.000.tif 0 1 0 0 0
HB15042.000.tif 0 1 0 0 0
HB15043.000.tif 0 1 0 0 0
HB15044.000.tif 0 1 0 0 0
HB15045.000.tif 0 1 0 0 0
HB15046.000.tif 0 1 0 0 0
HB15047.000.tif 0 1 0 0 0
HB15048.000.tif 0 1 0 0 0
HB15049.000.tif 0 1 0 0 0
HB15050.000.tif 0 1 0 0 0
HB15051.000.tif 0 1 0 0 0
HB15052.000.tif 0 1 0 0 0
HB15054.000.tif 0 1 0 0 0
HB15055.000.tif 0 1 0 0 0
HB15056.000.tif 0 1 0 0 0
HB15057.000.tif 0 1 0 0 0
HB15060.000.tif 0 1 0 0 0
HB15062.000.tif 0 1 0 0 0
HB15063.000.tif 0 1 0 0 0
HB15064.000.tif 0 1 0 0 0
HB15065.000.tif 0 1 0 0 0
HB15066.000.tif 0 1 0 0 0
HB15067.000.tif 0 1 0 0 0
HB15068.000.tif 0 1 0 0 0
HB15069.000.tif 0 1 0 0 0
HB15070.000.tif 0 1 0 0 0
HB15072.000.tif 0 1 0 0 0
HB15073.000.tif 0 1 0 0 0
HB15074.000.tif 0 1 0 0 0
HB15075.000.tif 0 1 0 0 0
HB15076.000.tif 0 1 0 0 0
HB15077.000.tif 0 1 0 0 0
HB15078.000.tif 0 1 0 0 0
HB15079.000.tif 0 1 0 0 0
HB15080.000.tif 0 1 0 0 0
HB15082.000.tif 0 1 0 0 0
HB15083.000.tif 0 1 0 0 0
HB15084.000.tif 0 1 0 0 0
HB15085.000.tif 0 1 0 0 0
HB15086.000.tif 0 1 0 0 0
HB15087.000.tif 0 1 0 0 0
HB15088.000.tif 0 1 0 0 0
HB15090.000.tif 0 1 0 0 0
HB15091.000.tif 0 1 0 0 0
HB15092.000.tif 0 1 0 0 0
HB15096.000.tif 0 1 0 0 0
HB15097.000.tif 0 1 0 0 0
HB15098.000.tif 0 1 0 0 0
HB15100.000.tif 0 1 0 0 0
HB15101.000.tif 0 1 0 0 0
HB15102.000.tif 0 1 0 0 0
HB15103.000.tif 0 1 0 0 0
HB15104.000.tif 0 1 0 0 0
HB15106.000.tif 0 1 0 0 0
HB15108.000.tif 0 1 0 0 0
HB15109.000.tif 0 1 0 0 0
HB15111.000.tif 0 1 0 0 0
HB15112.000.tif 0 1 0 0 0
HB15113.000.tif 0 1 0 0 0
HB15114.000.tif 0 1 0 0 0
HB15115.000.tif 0 1 0 0 0
HB15116.000.tif 0 1 0 0 0
HB15117.000.tif 0 1 0 0 0
HB15118.000.tif 0 1 0 0 0
HB15119.000.tif 0 1 0 0 0
HB15120.000.tif 0 1 0 0 0
HB15121.000.tif 0 1 0 0 0
HB15122.000.tif 0 1 0 0 0
HB15123.000.tif 0 1 0 0 0
HB15124.000.tif 0 1 0 0 0
HB15125.000.tif 0 1 0 0 0
HB15129.000.tif 0 1 0 0 0
HB15130.000.tif 0 1 0 0 0
HB15132.000.tif 0 1 0 0 0
HB15134.000.tif 0 1 0 0 0
HB15135.000.tif 0 1 0 0 0
HB15136.000.tif 0 1 0 0 0
HB15138.000.tif 0 1 0 0 0
HB15139.000.tif 0 1 0 0 0
HB15140.000.tif 0 1 0 0 0
HB15141.000.tif 0 1 0 0 0
HB15142.000.tif 0 1 0 0 0
HB15143.000.tif 0 1 0 0 0
HB15144.000.tif 0 1 0 0 0
HB15145.000.tif 0 1 0 0 0
HB15146.000.tif 0 1 0 0 0
HB15147.000.tif 0 1 0 0 0
HB15148.000.tif 0 1 0 0 0
HB15150.000.tif 0 1 0 0 0
HB15151.000.tif 0 1 0 0 0
HB15152.000.tif 0 1 0 0 0
HB15154.000.tif 0 1 0 0 0
HB15156.000.tif 0 1 0 0 0
HB15157.000.tif 0 1 0 0 0
HB15158.000.tif 0 1 0 0 0
HB15161.000.tif 0 1 0 0 0
HB15162.000.tif 0 1 0 0 0
HB15163.000.tif 0 1 0 0 0
HB15165.000.tif 0 1 0 0 0
HB15166.000.tif 0 1 0 0 0
HB15168.000.tif 0 1 0 0 0
HB15169.000.tif 0 1 0 0 0
HB15175.000.tif 0 1 0 0 0
HB15176.000.tif 0 1 0 0 0
HB15177.000.tif 0 1 0 0 0
HB15178.000.tif 0 1 0 0 0
HB15179.000.tif 0 1 0 0 0
HB15180.000.tif 0 1 0 0 0
HB15181.000.tif 0 1 0 0 0
HB15182.000.tif 0 1 0 0 0
HB15184.000.tif 0 1 0 0 0
HB15185.000.tif 0 1 0 0 0
HB15186.000.tif 0 1 0 0 0
HB15190.000.tif 0 1 0 0 0
HB15191.000.tif 0 1 0 0 0
HB15192.000.tif 0 1 0 0 0
HB15193.000.tif 0 1 0 0 0
HB15194.000.tif 0 1 0 0 0
HB15195.000.tif 0 1 0 0 0
HB15196.000.tif 0 1 0 0 0
HB15197.000.tif 0 1 0 0 0
HB15198.000.tif 0 1 0 0 0
HB15199.000.tif 0 1 0 0 0
HB15201.000.tif 0 1 0 0 0
HB15202.000.tif 0 1 0 0 0
HB15203.000.tif 0 1 0 0 0
HB15206.000.tif 0 1 0 0 0
HB15207.000.tif 0 1 0 0 0
HB15208.000.tif 0 1 0 0 0
HB15209.000.tif 0 1 0 0 0
HB15210.000.tif 0 1 0 0 0
HB15211.000.tif 0 1 0 0 0
HB15212.000.tif 0 1 0 0 0
HB15214.000.tif 0 1 0 0 0
HB15216.000.tif 0 1 0 0 0
HB15217.000.tif 0 1 0 0 0
HB15218.000.tif 0 1 0 0 0
HB15220.000.tif 0 1 0 0 0
HB15221.000.tif 0 1 0 0 0
HB15223.000.tif 0 1 0 0 0
HB15224.000.tif 0 1 0 0 0
HB15227.000.tif 0 1 0 0 0
HB15229.000.tif 0 1 0 0 0
HB15230.000.tif 0 1 0 0 0
HB15231.000.tif 0 1 0 0 0
HB15232.000.tif 0 1 0 0 0
HB15233.000.tif 0 1 0 0 0
HB15235.000.tif 0 1 0 0 0
HB15236.000.tif 0 1 0 0 0
HB15237.000.tif 0 1 0 0 0
HB15238.000.tif 0 1 0 0 0
HB15239.000.tif 0 1 0 0 0
HB15240.000.tif 0 1 0 0 0
HB15241.000.tif 0 1 0 0 0
HB15242.000.tif 0 1 0 0 0
HB15243.000.tif 0 1 0 0 0
HB15244.000.tif 0 1 0 0 0
HB15245.000.tif 0 1 0 0 0
HB15246.000.tif 0 1 0 0 0
HB15247.000.tif 0 1 0 0 0
HB15248.000.tif 0 1 0 0 0
HB15251.000.tif 0 1 0 0 0
HB15252.000.tif 0 1 0 0 0
HB15254.000.tif 0 1 0 0 0
HB15255.000.tif 0 1 0 0 0
HB15256.000.tif 0 1 0 0 0
HB15257.000.tif 0 1 0 0 0
HB15258.000.tif 0 1 0 0 0
HB15259.000.tif 0 1 0 0 0
HB15260.000.tif 0 1 0 0 0
HB15261.000.tif 0 1 0 0 0
HB15262.000.tif 0 1 0 0 0
HB15263.000.tif 0 1 0 0 0
HB15264.000.tif 0 1 0 0 0
HB15265.000.tif 0 1 0 0 0
HB15266.000.tif 0 1 0 0 0
HB15267.000.tif 0 1 0 0 0
HB14931.001.tif 0 0 1 0 0
HB14932.001.tif 0 0 1 0 0
HB14933.001.tif 0 0 1 0 0
HB14934.001.tif 0 0 1 0 0
HB14935.001.tif 0 0 1 0 0
HB14936.001.tif 0 0 1 0 0
HB14937.001.tif 0 0 1 0 0
HB14938.001.tif 0 0 1 0 0
HB14939.001.tif 0 0 1 0 0
HB14940.001.tif 0 0 1 0 0
HB14941.001.tif 0 0 1 0 0
HB14942.001.tif 0 0 1 0 0
HB14943.001.tif 0 0 1 0 0
HB14944.001.tif 0 0 1 0 0
HB14945.001.tif 0 0 1 0 0
HB14946.001.tif 0 0 1 0 0
HB14947.001.tif 0 0 1 0 0
HB14948.001.tif 0 0 1 0 0
HB14950.001.tif 0 0 1 0 0
HB14951.001.tif 0 0 1 0 0
HB14954.001.tif 0 0 1 0 0
HB14955.001.tif 0 0 1 0 0
HB14956.001.tif 0 0 1 0 0
HB14957.001.tif 0 0 1 0 0
HB14958.001.tif 0 0 1 0 0
HB14959.001.tif 0 0 1 0 0
HB14960.001.tif 0 0 1 0 0
HB14961.001.tif 0 0 1 0 0
HB14962.001.tif 0 0 1 0 0
HB14963.001.tif 0 0 1 0 0
HB14964.001.tif 0 0 1 0 0
HB14965.001.tif 0 0 1 0 0
HB14967.001.tif 0 0 1 0 0
HB14968.001.tif 0 0 1 0 0
HB14969.001.tif 0 0 1 0 0
HB14970.001.tif 0 0 1 0 0
HB14971.001.tif 0 0 1 0 0
HB14972.001.tif 0 0 1 0 0
HB14973.001.tif 0 0 1 0 0
HB14974.001.tif 0 0 1 0 0
HB14975.001.tif 0 0 1 0 0
HB14976.001.tif 0 0 1 0 0
HB14977.001.tif 0 0 1 0 0
HB14978.001.tif 0 0 1 0 0
HB14979.001.tif 0 0 1 0 0
HB14980.001.tif 0 0 1 0 0
HB14981.001.tif 0 0 1 0 0
HB14982.001.tif 0 0 1 0 0
HB14983.001.tif 0 0 1 0 0
HB14984.001.tif 0 0 1 0 0
HB14986.001.tif 0 0 1 0 0
HB14987.001.tif 0 0 1 0 0
HB14990.001.tif 0 0 1 0 0
HB14991.001.tif 0 0 1 0 0
HB14992.001.tif 0 0 1 0 0
HB14993.001.tif 0 0 1 0 0
HB14994.001.tif 0 0 1 0 0
HB14995.001.tif 0 0 1 0 0
HB14997.001.tif 0 0 1 0 0
HB14998.001.tif 0 0 1 0 0
HB14999.001.tif 0 0 1 0 0
HB15000.001.tif 0 0 1 0 0
HB15001.001.tif 0 0 1 0 0
HB15002.001.tif 0 0 1 0 0
HB15003.001.tif 0 0 1 0 0
HB15004.001.tif 0 0 1 0 0
HB15005.001.tif 0 0 1 0 0
HB15006.001.tif 0 0 1 0 0
HB15008.001.tif 0 0 1 0 0
HB15009.001.tif 0 0 1 0 0
HB15010.001.tif 0 0 1 0 0
HB15011.001.tif 0 0 1 0 0
HB15012.001.tif 0 0 1 0 0
HB15013.001.tif 0 0 1 0 0
HB15014.001.tif 0 0 1 0 0
HB15015.001.tif 0 0 1 0 0
HB15016.001.tif 0 0 1 0 0
HB15017.001.tif 0 0 1 0 0
HB15018.001.tif 0 0 1 0 0
HB15019.001.tif 0 0 1 0 0
HB15020.001.tif 0 0 1 0 0
HB15021.001.tif 0 0 1 0 0
HB15022.001.tif 0 0 1 0 0
HB15025.001.tif 0 0 1 0 0
HB15026.001.tif 0 0 1 0 0
HB15027.001.tif 0 0 1 0 0
HB15028.001.tif 0 0 1 0 0
HB15029.001.tif 0 0 1 0 0
HB15030.001.tif 0 0 1 0 0
HB15031.001.tif 0 0 1 0 0
HB15032.001.tif 0 0 1 0 0
HB15033.001.tif 0 0 1 0 0
HB15034.001.tif 0 0 1 0 0
HB15036.001.tif 0 0 1 0 0
HB15037.001.tif 0 0 1 0 0
HB15038.001.tif 0 0 1 0 0
HB15039.001.tif 0 0 1 0 0
HB15041.001.tif 0 0 1 0 0
HB15042.001.tif 0 0 1 0 0
HB15043.001.tif 0 0 1 0 0
HB15044.001.tif 0 0 1 0 0
HB15045.001.tif 0 0 1 0 0
HB15046.001.tif 0 0 1 0 0
HB15047.001.tif 0 0 1 0 0
HB15048.001.tif 0 0 1 0 0
HB15049.001.tif 0 0 1 0 0
HB15050.001.tif 0 0 1 0 0
HB15051.001.tif 0 0 1 0 0
HB15052.001.tif 0 0 1 0 0
HB15054.001.tif 0 0 1 0 0
HB15055.001.tif 0 0 1 0 0
HB15056.001.tif 0 0 1 0 0
HB15057.001.tif 0 0 1 0 0
HB15060.001.tif 0 0 1 0 0
HB15062.001.tif 0 0 1 0 0
HB15063.001.tif 0 0 1 0 0
HB15064.001.tif 0 0 1 0 0
HB15065.001.tif 0 0 1 0 0
HB15066.001.tif 0 0 1 0 0
HB15067.001.tif 0 0 1 0 0
HB15068.001.tif 0 0 1 0 0
HB15069.001.tif 0 0 1 0 0
HB15070.001.tif 0 0 1 0 0
HB15072.001.tif 0 0 1 0 0
HB15073.001.tif 0 0 1 0 0
HB15074.001.tif 0 0 1 0 0
HB15075.001.tif 0 0 1 0 0
HB15076.001.tif 0 0 1 0 0
HB15077.001.tif 0 0 1 0 0
HB15078.001.tif 0 0 1 0 0
HB15079.001.tif 0 0 1 0 0
HB15080.001.tif 0 0 1 0 0
HB15082.001.tif 0 0 1 0 0
HB15083.001.tif 0 0 1 0 0
HB15084.001.tif 0 0 1 0 0
HB15085.001.tif 0 0 1 0 0
HB15086.001.tif 0 0 1 0 0
HB15087.001.tif 0 0 1 0 0
HB15088.001.tif 0 0 1 0 0
HB15090.001.tif 0 0 1 0 0
HB15091.001.tif 0 0 1 0 0
HB15092.001.tif 0 0 1 0 0
HB15096.001.tif 0 0 1 0 0
HB15097.001.tif 0 0 1 0 0
HB15098.001.tif 0 0 1 0 0
HB15100.001.tif 0 0 1 0 0
HB15101.001.tif 0 0 1 0 0
HB15102.001.tif 0 0 1 0 0
HB15103.001.tif 0 0 1 0 0
HB15104.001.tif 0 0 1 0 0
HB15106.001.tif 0 0 1 0 0
HB15108.001.tif 0 0 1 0 0
HB15109.001.tif 0 0 1 0 0
HB15111.001.tif 0 0 1 0 0
HB15112.001.tif 0 0 1 0 0
HB15113.001.tif 0 0 1 0 0
HB15114.001.tif 0 0 1 0 0
HB15115.001.tif 0 0 1 0 0
HB15116.001.tif 0 0 1 0 0
HB15117.001.tif 0 0 1 0 0
HB15118.001.tif 0 0 1 0 0
HB15119.001.tif 0 0 1 0 0
HB15120.001.tif 0 0 1 0 0
HB15121.001.tif 0 0 1 0 0
HB15122.001.tif 0 0 1 0 0
HB15123.001.tif 0 0 1 0 0
HB15124.001.tif 0 0 1 0 0
HB15125.001.tif 0 0 1 0 0
HB15129.001.tif 0 0 1 0 0
HB15130.001.tif 0 0 1 0 0
HB15132.001.tif 0 0 1 0 0
HB15134.001.tif 0 0 1 0 0
HB15135.001.tif 0 0 1 0 0
HB15136.001.tif 0 0 1 0 0
HB15138.001.tif 0 0 1 0 0
HB15139.001.tif 0 0 1 0 0
HB15140.001.tif 0 0 1 0 0
HB15141.001.tif 0 0 1 0 0
HB15142.001.tif 0 0 1 0 0
HB15143.001.tif 0 0 1 0 0
HB15144.001.tif 0 0 1 0 0
HB15145.001.tif 0 0 1 0 0
HB15146.001.tif 0 0 1 0 0
HB15147.001.tif 0 0 1 0 0
HB15148.001.tif 0 0 1 0 0
HB15150.001.tif 0 0 1 0 0
HB15151.001.tif 0 0 1 0 0
HB15152.001.tif 0 0 1 0 0
HB15154.001.tif 0 0 1 0 0
HB15156.001.tif 0 0 1 0 0
HB15157.001.tif 0 0 1 0 0
HB15158.001.tif 0 0 1 0 0
HB15161.001.tif 0 0 1 0 0
HB15162.001.tif 0 0 1 0 0
HB15163.001.tif 0 0 1 0 0
HB15165.001.tif 0 0 1 0 0
HB15166.001.tif 0 0 1 0 0
HB15168.001.tif 0 0 1 0 0
HB15169.001.tif 0 0 1 0 0
HB15175.001.tif 0 0 1 0 0
HB15176.001.tif 0 0 1 0 0
HB15177.001.tif 0 0 1 0 0
HB15178.001.tif 0 0 1 0 0
HB15179.001.tif 0 0 1 0 0
HB15180.001.tif 0 0 1 0 0
HB15181.001.tif 0 0 1 0 0
HB15182.001.tif 0 0 1 0 0
HB15184.001.tif 0 0 1 0 0
HB15185.001.tif 0 0 1 0 0
HB15186.001.tif 0 0 1 0 0
HB15190.001.tif 0 0 1 0 0
HB15191.001.tif 0 0 1 0 0
HB15192.001.tif 0 0 1 0 0
HB15193.001.tif 0 0 1 0 0
HB15194.001.tif 0 0 1 0 0
HB15195.001.tif 0 0 1 0 0
HB15196.001.tif 0 0 1 0 0
HB15197.001.tif 0 0 1 0 0
HB15198.001.tif 0 0 1 0 0
HB15199.001.tif 0 0 1 0 0
HB15201.001.tif 0 0 1 0 0
HB15202.001.tif 0 0 1 0 0
HB15203.001.tif 0 0 1 0 0
HB15206.001.tif 0 0 1 0 0
HB15207.001.tif 0 0 1 0 0
HB15208.001.tif 0 0 1 0 0
HB15209.001.tif 0 0 1 0 0
HB15210.001.tif 0 0 1 0 0
HB15211.001.tif 0 0 1 0 0
HB15212.001.tif 0 0 1 0 0
HB15214.001.tif 0 0 1 0 0
HB15216.001.tif 0 0 1 0 0
HB15217.001.tif 0 0 1 0 0
HB15218.001.tif 0 0 1 0 0
HB15220.001.tif 0 0 1 0 0
HB15221.001.tif 0 0 1 0 0
HB15223.001.tif 0 0 1 0 0
HB15224.001.tif 0 0 1 0 0
HB15227.001.tif 0 0 1 0 0
HB15229.001.tif 0 0 1 0 0
HB15230.001.tif 0 0 1 0 0
HB15231.001.tif 0 0 1 0 0
HB15232.001.tif 0 0 1 0 0
HB15233.001.tif 0 0 1 0 0
HB15235.001.tif 0 0 1 0 0
HB15236.001.tif 0 0 1 0 0
HB15237.001.tif 0 0 1 0 0
HB15238.001.tif 0 0 1 0 0
HB15239.001.tif 0 0 1 0 0
HB15240.001.tif 0 0 1 0 0
HB15241.001.tif 0 0 1 0 0
HB15242.001.tif 0 0 1 0 0
HB15243.001.tif 0 0 1 0 0
HB15244.001.tif 0 0 1 0 0
HB15245.001.tif 0 0 1 0 0
HB15246.001.tif 0 0 1 0 0
HB15247.001.tif 0 0 1 0 0
HB15248.001.tif 0 0 1 0 0
HB15251.001.tif 0 0 1 0 0
HB15252.001.tif 0 0 1 0 0
HB15254.001.tif 0 0 1 0 0
HB15255.001.tif 0 0 1 0 0
HB15256.001.tif 0 0 1 0 0
HB15257.001.tif 0 0 1 0 0
HB15258.001.tif 0 0 1 0 0
HB15259.001.tif 0 0 1 0 0
HB15260.001.tif 0 0 1 0 0
HB15261.001.tif 0 0 1 0 0
HB15262.001.tif 0 0 1 0 0
HB15263.001.tif 0 0 1 0 0
HB15264.001.tif 0 0 1 0 0
HB15265.001.tif 0 0 1 0 0
HB15266.001.tif 0 0 1 0 0
HB15267.001.tif 0 0 1 0 0
HB14931.005.tif 0 0 0 1 0
HB14932.005.tif 0 0 0 1 0
HB14933.005.tif 0 0 0 1 0
HB14934.005.tif 0 0 0 1 0
HB14935.005.tif 0 0 0 1 0
HB14936.005.tif 0 0 0 1 0
HB14937.005.tif 0 0 0 1 0
HB14938.005.tif 0 0 0 1 0
HB14939.005.tif 0 0 0 1 0
HB14940.005.tif 0 0 0 1 0
HB14941.005.tif 0 0 0 1 0
HB14942.005.tif 0 0 0 1 0
HB14943.005.tif 0 0 0 1 0
HB14944.005.tif 0 0 0 1 0
HB14945.005.tif 0 0 0 1 0
HB14946.005.tif 0 0 0 1 0
HB14947.005.tif 0 0 0 1 0
HB14948.005.tif 0 0 0 1 0
HB14950.005.tif 0 0 0 1 0
HB14951.005.tif 0 0 0 1 0
HB14954.005.tif 0 0 0 1 0
HB14955.005.tif 0 0 0 1 0
HB14956.005.tif 0 0 0 1 0
HB14957.005.tif 0 0 0 1 0
HB14958.005.tif 0 0 0 1 0
HB14959.005.tif 0 0 0 1 0
HB14960.005.tif 0 0 0 1 0
HB14961.005.tif 0 0 0 1 0
HB14962.005.tif 0 0 0 1 0
HB14963.005.tif 0 0 0 1 0
HB14964.005.tif 0 0 0 1 0
HB14965.005.tif 0 0 0 1 0
HB14967.005.tif 0 0 0 1 0
HB14968.005.tif 0 0 0 1 0
HB14969.005.tif 0 0 0 1 0
HB14970.005.tif 0 0 0 1 0
HB14971.005.tif 0 0 0 1 0
HB14972.005.tif 0 0 0 1 0
HB14973.005.tif 0 0 0 1 0
HB14974.005.tif 0 0 0 1 0
HB14975.005.tif 0 0 0 1 0
HB14976.005.tif 0 0 0 1 0
HB14977.005.tif 0 0 0 1 0
HB14978.005.tif 0 0 0 1 0
HB14979.005.tif 0 0 0 1 0
HB14980.005.tif 0 0 0 1 0
HB14981.005.tif 0 0 0 1 0
HB14982.005.tif 0 0 0 1 0
HB14983.005.tif 0 0 0 1 0
HB14984.005.tif 0 0 0 1 0
HB14986.005.tif 0 0 0 1 0
HB14987.005.tif 0 0 0 1 0
HB14990.005.tif 0 0 0 1 0
HB14991.005.tif 0 0 0 1 0
HB14992.005.tif 0 0 0 1 0
HB14993.005.tif 0 0 0 1 0
HB14994.005.tif 0 0 0 1 0
HB14995.005.tif 0 0 0 1 0
HB14997.005.tif 0 0 0 1 0
HB14998.005.tif 0 0 0 1 0
HB14999.005.tif 0 0 0 1 0
HB15000.005.tif 0 0 0 1 0
HB15001.005.tif 0 0 0 1 0
HB15002.005.tif 0 0 0 1 0
HB15003.005.tif 0 0 0 1 0
HB15004.005.tif 0 0 0 1 0
HB15005.005.tif 0 0 0 1 0
HB15006.005.tif 0 0 0 1 0
HB15008.005.tif 0 0 0 1 0
HB15009.005.tif 0 0 0 1 0
HB15010.005.tif 0 0 0 1 0
HB15011.005.tif 0 0 0 1 0
HB15012.005.tif 0 0 0 1 0
HB15013.005.tif 0 0 0 1 0
HB15014.005.tif 0 0 0 1 0
HB15015.005.tif 0 0 0 1 0
HB15016.005.tif 0 0 0 1 0
HB15017.005.tif 0 0 0 1 0
HB15018.005.tif 0 0 0 1 0
HB15019.005.tif 0 0 0 1 0
HB15020.005.tif 0 0 0 1 0
HB15021.005.tif 0 0 0 1 0
HB15022.005.tif 0 0 0 1 0
HB15025.005.tif 0 0 0 1 0
HB15026.005.tif 0 0 0 1 0
HB15027.005.tif 0 0 0 1 0
HB15028.005.tif 0 0 0 1 0
HB15029.005.tif 0 0 0 1 0
HB15030.005.tif 0 0 0 1 0
HB15031.005.tif 0 0 0 1 0
HB15032.005.tif 0 0 0 1 0
HB15033.005.tif 0 0 0 1 0
HB15034.005.tif 0 0 0 1 0
HB15036.005.tif 0 0 0 1 0
HB15037.005.tif 0 0 0 1 0
HB15038.005.tif 0 0 0 1 0
HB15039.005.tif 0 0 0 1 0
HB15041.005.tif 0 0 0 1 0
HB15042.005.tif 0 0 0 1 0
HB15043.005.tif 0 0 0 1 0
HB15044.005.tif 0 0 0 1 0
HB15045.005.tif 0 0 0 1 0
HB15046.005.tif 0 0 0 1 0
HB15047.005.tif 0 0 0 1 0
HB15048.005.tif 0 0 0 1 0
HB15049.005.tif 0 0 0 1 0
HB15050.005.tif 0 0 0 1 0
HB15051.005.tif 0 0 0 1 0
HB15052.005.tif 0 0 0 1 0
HB15054.005.tif 0 0 0 1 0
HB15055.005.tif 0 0 0 1 0
HB15056.005.tif 0 0 0 1 0
HB15057.005.tif 0 0 0 1 0
HB15060.005.tif 0 0 0 1 0
HB15062.005.tif 0 0 0 1 0
HB15063.005.tif 0 0 0 1 0
HB15064.005.tif 0 0 0 1 0
HB15065.005.tif 0 0 0 1 0
HB15066.005.tif 0 0 0 1 0
HB15067.005.tif 0 0 0 1 0
HB15068.005.tif 0 0 0 1 0
HB15069.005.tif 0 0 0 1 0
HB15070.005.tif 0 0 0 1 0
HB15072.005.tif 0 0 0 1 0
HB15073.005.tif 0 0 0 1 0
HB15074.005.tif 0 0 0 1 0
HB15075.005.tif 0 0 0 1 0
HB15076.005.tif 0 0 0 1 0
HB15077.005.tif 0 0 0 1 0
HB15078.005.tif 0 0 0 1 0
HB15079.005.tif 0 0 0 1 0
HB15080.005.tif 0 0 0 1 0
HB15082.005.tif 0 0 0 1 0
HB15083.005.tif 0 0 0 1 0
HB15084.005.tif 0 0 0 1 0
HB15085.005.tif 0 0 0 1 0
HB15086.005.tif 0 0 0 1 0
HB15087.005.tif 0 0 0 1 0
HB15088.005.tif 0 0 0 1 0
HB15090.005.tif 0 0 0 1 0
HB15091.005.tif 0 0 0 1 0
HB15092.005.tif 0 0 0 1 0
HB15096.005.tif 0 0 0 1 0
HB15097.005.tif 0 0 0 1 0
HB15098.005.tif 0 0 0 1 0
HB15100.005.tif 0 0 0 1 0
HB15101.005.tif 0 0 0 1 0
HB15102.005.tif 0 0 0 1 0
HB15103.005.tif 0 0 0 1 0
HB15104.005.tif 0 0 0 1 0
HB15106.005.tif 0 0 0 1 0
HB15108.005.tif 0 0 0 1 0
HB15109.005.tif 0 0 0 1 0
HB15111.005.tif 0 0 0 1 0
HB15112.005.tif 0 0 0 1 0
HB15113.005.tif 0 0 0 1 0
HB15114.005.tif 0 0 0 1 0
HB15115.005.tif 0 0 0 1 0
HB15116.005.tif 0 0 0 1 0
HB15117.005.tif 0 0 0 1 0
HB15118.005.tif 0 0 0 1 0
HB15119.005.tif 0 0 0 1 0
HB15120.005.tif 0 0 0 1 0
HB15121.005.tif 0 0 0 1 0
HB15122.005.tif 0 0 0 1 0
HB15123.005.tif 0 0 0 1 0
HB15124.005.tif 0 0 0 1 0
HB15125.005.tif 0 0 0 1 0
HB15129.005.tif 0 0 0 1 0
HB15130.005.tif 0 0 0 1 0
HB15132.005.tif 0 0 0 1 0
HB15134.005.tif 0 0 0 1 0
HB15135.005.tif 0 0 0 1 0
HB15136.005.tif 0 0 0 1 0
HB15138.005.tif 0 0 0 1 0
HB15139.005.tif 0 0 0 1 0
HB15140.005.tif 0 0 0 1 0
HB15141.005.tif 0 0 0 1 0
HB15142.005.tif 0 0 0 1 0
HB15143.005.tif 0 0 0 1 0
HB15144.005.tif 0 0 0 1 0
HB15145.005.tif 0 0 0 1 0
HB15146.005.tif 0 0 0 1 0
HB15147.005.tif 0 0 0 1 0
HB15148.005.tif 0 0 0 1 0
HB15150.005.tif 0 0 0 1 0
HB15151.005.tif 0 0 0 1 0
HB15152.005.tif 0 0 0 1 0
HB15154.005.tif 0 0 0 1 0
HB15156.005.tif 0 0 0 1 0
HB15157.005.tif 0 0 0 1 0
HB15158.005.tif 0 0 0 1 0
HB15161.005.tif 0 0 0 1 0
HB15162.005.tif 0 0 0 1 0
HB15163.005.tif 0 0 0 1 0
HB15165.005.tif 0 0 0 1 0
HB15166.005.tif 0 0 0 1 0
HB15168.005.tif 0 0 0 1 0
HB15169.005.tif 0 0 0 1 0
HB15175.005.tif 0 0 0 1 0
HB15176.005.tif 0 0 0 1 0
HB15177.005.tif 0 0 0 1 0
HB15178.005.tif 0 0 0 1 0
HB15179.005.tif 0 0 0 1 0
HB15180.005.tif 0 0 0 1 0
HB15181.005.tif 0 0 0 1 0
HB15182.005.tif 0 0 0 1 0
HB15184.005.tif 0 0 0 1 0
HB15185.005.tif 0 0 0 1 0
HB15186.005.tif 0 0 0 1 0
HB15190.005.tif 0 0 0 1 0
HB15191.005.tif 0 0 0 1 0
HB15192.005.tif 0 0 0 1 0
HB15193.005.tif 0 0 0 1 0
HB15194.005.tif 0 0 0 1 0
HB15195.005.tif 0 0 0 1 0
HB15196.005.tif 0 0 0 1 0
HB15197.005.tif 0 0 0 1 0
HB15198.005.tif 0 0 0 1 0
HB15199.005.tif 0 0 0 1 0
HB15201.005.tif 0 0 0 1 0
HB15202.005.tif 0 0 0 1 0
HB15203.005.tif 0 0 0 1 0
HB15206.005.tif 0 0 0 1 0
HB15207.005.tif 0 0 0 1 0
HB15208.005.tif 0 0 0 1 0
HB15209.005.tif 0 0 0 1 0
HB15210.005.tif 0 0 0 1 0
HB15211.005.tif 0 0 0 1 0
HB15212.005.tif 0 0 0 1 0
HB15214.005.tif 0 0 0 1 0
HB15216.005.tif 0 0 0 1 0
HB15217.005.tif 0 0 0 1 0
HB15218.005.tif 0 0 0 1 0
HB15220.005.tif 0 0 0 1 0
HB15221.005.tif 0 0 0 1 0
HB15223.005.tif 0 0 0 1 0
HB15224.005.tif 0 0 0 1 0
HB15227.005.tif 0 0 0 1 0
HB15229.005.tif 0 0 0 1 0
HB15230.005.tif 0 0 0 1 0
HB15231.005.tif 0 0 0 1 0
HB15232.005.tif 0 0 0 1 0
HB15233.005.tif 0 0 0 1 0
HB15235.005.tif 0 0 0 1 0
HB15236.005.tif 0 0 0 1 0
HB15237.005.tif 0 0 0 1 0
HB15238.005.tif 0 0 0 1 0
HB15239.005.tif 0 0 0 1 0
HB15240.005.tif 0 0 0 1 0
HB15241.005.tif 0 0 0 1 0
HB15242.005.tif 0 0 0 1 0
HB15243.005.tif 0 0 0 1 0
HB15244.005.tif 0 0 0 1 0
HB15245.005.tif 0 0 0 1 0
HB15246.005.tif 0 0 0 1 0
HB15247.005.tif 0 0 0 1 0
HB15248.005.tif 0 0 0 1 0
HB15251.005.tif 0 0 0 1 0
HB15252.005.tif 0 0 0 1 0
HB15254.005.tif 0 0 0 1 0
HB15255.005.tif 0 0 0 1 0
HB15256.005.tif 0 0 0 1 0
HB15257.005.tif 0 0 0 1 0
HB15258.005.tif 0 0 0 1 0
HB15259.005.tif 0 0 0 1 0
HB15260.005.tif 0 0 0 1 0
HB15261.005.tif 0 0 0 1 0
HB15262.005.tif 0 0 0 1 0
HB15263.005.tif 0 0 0 1 0
HB15264.005.tif 0 0 0 1 0
HB15265.005.tif 0 0 0 1 0
HB15266.005.tif 0 0 0 1 0
HB15267.005.tif 0 0 0 1 0
HB14931.015.tif 0 0 0 0 1
HB14932.015.tif 0 0 0 0 1
HB14933.015.tif 0 0 0 0 1
HB14934.015.tif 0 0 0 0 1
HB14935.015.tif 0 0 0 0 1
HB14936.015.tif 0 0 0 0 1
HB14937.015.tif 0 0 0 0 1
HB14938.015.tif 0 0 0 0 1
HB14939.015.tif 0 0 0 0 1
HB14940.015.tif 0 0 0 0 1
HB14941.015.tif 0 0 0 0 1
HB14942.015.tif 0 0 0 0 1
HB14943.015.tif 0 0 0 0 1
HB14944.015.tif 0 0 0 0 1
HB14945.015.tif 0 0 0 0 1
HB14946.015.tif 0 0 0 0 1
HB14947.015.tif 0 0 0 0 1
HB14948.015.tif 0 0 0 0 1
HB14950.015.tif 0 0 0 0 1
HB14951.015.tif 0 0 0 0 1
HB14954.015.tif 0 0 0 0 1
HB14955.015.tif 0 0 0 0 1
HB14956.015.tif 0 0 0 0 1
HB14957.015.tif 0 0 0 0 1
HB14958.015.tif 0 0 0 0 1
HB14959.015.tif 0 0 0 0 1
HB14960.015.tif 0 0 0 0 1
HB14961.015.tif 0 0 0 0 1
HB14962.015.tif 0 0 0 0 1
HB14963.015.tif 0 0 0 0 1
HB14964.015.tif 0 0 0 0 1
HB14965.015.tif 0 0 0 0 1
HB14967.015.tif 0 0 0 0 1
HB14968.015.tif 0 0 0 0 1
HB14969.015.tif 0 0 0 0 1
HB14970.015.tif 0 0 0 0 1
HB14971.015.tif 0 0 0 0 1
HB14972.015.tif 0 0 0 0 1
HB14973.015.tif 0 0 0 0 1
HB14974.015.tif 0 0 0 0 1
HB14975.015.tif 0 0 0 0 1
HB14976.015.tif 0 0 0 0 1
HB14977.015.tif 0 0 0 0 1
HB14978.015.tif 0 0 0 0 1
HB14979.015.tif 0 0 0 0 1
HB14980.015.tif 0 0 0 0 1
HB14981.015.tif 0 0 0 0 1
HB14982.015.tif 0 0 0 0 1
HB14983.015.tif 0 0 0 0 1
HB14984.015.tif 0 0 0 0 1
HB14986.015.tif 0 0 0 0 1
HB14987.015.tif 0 0 0 0 1
HB14990.015.tif 0 0 0 0 1
HB14991.015.tif 0 0 0 0 1
HB14992.015.tif 0 0 0 0 1
HB14993.015.tif 0 0 0 0 1
HB14994.015.tif 0 0 0 0 1
HB14995.015.tif 0 0 0 0 1
HB14997.015.tif 0 0 0 0 1
HB14998.015.tif 0 0 0 0 1
HB14999.015.tif 0 0 0 0 1
HB15000.015.tif 0 0 0 0 1
HB15001.015.tif 0 0 0 0 1
HB15002.015.tif 0 0 0 0 1
HB15003.015.tif 0 0 0 0 1
HB15004.015.tif 0 0 0 0 1
HB15005.015.tif 0 0 0 0 1
HB15006.015.tif 0 0 0 0 1
HB15008.015.tif 0 0 0 0 1
HB15009.015.tif 0 0 0 0 1
HB15010.015.tif 0 0 0 0 1
HB15011.015.tif 0 0 0 0 1
HB15012.015.tif 0 0 0 0 1
HB15013.015.tif 0 0 0 0 1
HB15014.015.tif 0 0 0 0 1
HB15015.015.tif 0 0 0 0 1
HB15016.015.tif 0 0 0 0 1
HB15017.015.tif 0 0 0 0 1
HB15018.015.tif 0 0 0 0 1
HB15019.015.tif 0 0 0 0 1
HB15020.015.tif 0 0 0 0 1
HB15021.015.tif 0 0 0 0 1
HB15022.015.tif 0 0 0 0 1
HB15025.015.tif 0 0 0 0 1
HB15026.015.tif 0 0 0 0 1
HB15027.015.tif 0 0 0 0 1
HB15028.015.tif 0 0 0 0 1
HB15029.015.tif 0 0 0 0 1
HB15030.015.tif 0 0 0 0 1
HB15031.015.tif 0 0 0 0 1
HB15032.015.tif 0 0 0 0 1
HB15033.015.tif 0 0 0 0 1
HB15034.015.tif 0 0 0 0 1
HB15036.015.tif 0 0 0 0 1
HB15037.015.tif 0 0 0 0 1
HB15038.015.tif 0 0 0 0 1
HB15039.015.tif 0 0 0 0 1
HB15041.015.tif 0 0 0 0 1
HB15042.015.tif 0 0 0 0 1
HB15043.015.tif 0 0 0 0 1
HB15044.015.tif 0 0 0 0 1
HB15045.015.tif 0 0 0 0 1
HB15046.015.tif 0 0 0 0 1
HB15047.015.tif 0 0 0 0 1
HB15048.015.tif 0 0 0 0 1
HB15049.015.tif 0 0 0 0 1
HB15050.015.tif 0 0 0 0 1
HB15051.015.tif 0 0 0 0 1
HB15052.015.tif 0 0 0 0 1
HB15054.015.tif 0 0 0 0 1
HB15055.015.tif 0 0 0 0 1
HB15056.015.tif 0 0 0 0 1
HB15057.015.tif 0 0 0 0 1
HB15060.015.tif 0 0 0 0 1
HB15062.015.tif 0 0 0 0 1
HB15063.015.tif 0 0 0 0 1
HB15064.015.tif 0 0 0 0 1
HB15065.015.tif 0 0 0 0 1
HB15066.015.tif 0 0 0 0 1
HB15067.015.tif 0 0 0 0 1
HB15068.015.tif 0 0 0 0 1
HB15069.015.tif 0 0 0 0 1
HB15070.015.tif 0 0 0 0 1
HB15072.015.tif 0 0 0 0 1
HB15073.015.tif 0 0 0 0 1
HB15074.015.tif 0 0 0 0 1
HB15075.015.tif 0 0 0 0 1
HB15076.015.tif 0 0 0 0 1
HB15077.015.tif 0 0 0 0 1
HB15078.015.tif 0 0 0 0 1
HB15079.015.tif 0 0 0 0 1
HB15080.015.tif 0 0 0 0 1
HB15082.015.tif 0 0 0 0 1
HB15083.015.tif 0 0 0 0 1
HB15084.015.tif 0 0 0 0 1
HB15085.015.tif 0 0 0 0 1
HB15086.015.tif 0 0 0 0 1
HB15087.015.tif 0 0 0 0 1
HB15088.015.tif 0 0 0 0 1
HB15090.015.tif 0 0 0 0 1
HB15091.015.tif 0 0 0 0 1
HB15092.015.tif 0 0 0 0 1
HB15096.015.tif 0 0 0 0 1
HB15097.015.tif 0 0 0 0 1
HB15098.015.tif 0 0 0 0 1
HB15100.015.tif 0 0 0 0 1
HB15101.015.tif 0 0 0 0 1
HB15102.015.tif 0 0 0 0 1
HB15103.015.tif 0 0 0 0 1
HB15104.015.tif 0 0 0 0 1
HB15106.015.tif 0 0 0 0 1
HB15108.015.tif 0 0 0 0 1
HB15109.015.tif 0 0 0 0 1
HB15111.015.tif 0 0 0 0 1
HB15112.015.tif 0 0 0 0 1
HB15113.015.tif 0 0 0 0 1
HB15114.015.tif 0 0 0 0 1
HB15115.015.tif 0 0 0 0 1
HB15116.015.tif 0 0 0 0 1
HB15117.015.tif 0 0 0 0 1
HB15118.015.tif 0 0 0 0 1
HB15119.015.tif 0 0 0 0 1
HB15120.015.tif 0 0 0 0 1
HB15121.015.tif 0 0 0 0 1
HB15122.015.tif 0 0 0 0 1
HB15123.015.tif 0 0 0 0 1
HB15124.015.tif 0 0 0 0 1
HB15125.015.tif 0 0 0 0 1
HB15129.015.tif 0 0 0 0 1
HB15130.015.tif 0 0 0 0 1
HB15132.015.tif 0 0 0 0 1
HB15134.015.tif 0 0 0 0 1
HB15135.015.tif 0 0 0 0 1
HB15136.015.tif 0 0 0 0 1
HB15138.015.tif 0 0 0 0 1
HB15139.015.tif 0 0 0 0 1
HB15140.015.tif 0 0 0 0 1
HB15141.015.tif 0 0 0 0 1
HB15142.015.tif 0 0 0 0 1
HB15143.015.tif 0 0 0 0 1
HB15144.015.tif 0 0 0 0 1
HB15145.015.tif 0 0 0 0 1
HB15146.015.tif 0 0 0 0 1
HB15147.015.tif 0 0 0 0 1
HB15148.015.tif 0 0 0 0 1
HB15150.015.tif 0 0 0 0 1
HB15151.015.tif 0 0 0 0 1
HB15152.015.tif 0 0 0 0 1
HB15154.015.tif 0 0 0 0 1
HB15156.015.tif 0 0 0 0 1
HB15157.015.tif 0 0 0 0 1
HB15158.015.tif 0 0 0 0 1
HB15161.015.tif 0 0 0 0 1
HB15162.015.tif 0 0 0 0 1
HB15163.015.tif 0 0 0 0 1
HB15165.015.tif 0 0 0 0 1
HB15166.015.tif 0 0 0 0 1
HB15168.015.tif 0 0 0 0 1
HB15169.015.tif 0 0 0 0 1
HB15175.015.tif 0 0 0 0 1
HB15176.015.tif 0 0 0 0 1
HB15177.015.tif 0 0 0 0 1
HB15178.015.tif 0 0 0 0 1
HB15179.015.tif 0 0 0 0 1
HB15180.015.tif 0 0 0 0 1
HB15181.015.tif 0 0 0 0 1
HB15182.015.tif 0 0 0 0 1
HB15184.015.tif 0 0 0 0 1
HB15185.015.tif 0 0 0 0 1
HB15186.015.tif 0 0 0 0 1
HB15190.015.tif 0 0 0 0 1
HB15191.015.tif 0 0 0 0 1
HB15192.015.tif 0 0 0 0 1
HB15193.015.tif 0 0 0 0 1
HB15194.015.tif 0 0 0 0 1
HB15195.015.tif 0 0 0 0 1
HB15196.015.tif 0 0 0 0 1
HB15197.015.tif 0 0 0 0 1
HB15198.015.tif 0 0 0 0 1
HB15199.015.tif 0 0 0 0 1
HB15201.015.tif 0 0 0 0 1
HB15202.015.tif 0 0 0 0 1
HB15203.015.tif 0 0 0 0 1
HB15206.015.tif 0 0 0 0 1
HB15207.015.tif 0 0 0 0 1
HB15208.015.tif 0 0 0 0 1
HB15209.015.tif 0 0 0 0 1
HB15210.015.tif 0 0 0 0 1
HB15211.015.tif 0 0 0 0 1
HB15212.015.tif 0 0 0 0 1
HB15214.015.tif 0 0 0 0 1
HB15216.015.tif 0 0 0 0 1
HB15217.015.tif 0 0 0 0 1
HB15218.015.tif 0 0 0 0 1
HB15220.015.tif 0 0 0 0 1
HB15221.015.tif 0 0 0 0 1
HB15223.015.tif 0 0 0 0 1
HB15224.015.tif 0 0 0 0 1
HB15227.015.tif 0 0 0 0 1
HB15229.015.tif 0 0 0 0 1
HB15230.015.tif 0 0 0 0 1
HB15231.015.tif 0 0 0 0 1
HB15232.015.tif 0 0 0 0 1
HB15233.015.tif 0 0 0 0 1
HB15235.015.tif 0 0 0 0 1
HB15236.015.tif 0 0 0 0 1
HB15237.015.tif 0 0 0 0 1
HB15238.015.tif 0 0 0 0 1
HB15239.015.tif 0 0 0 0 1
HB15240.015.tif 0 0 0 0 1
HB15241.015.tif 0 0 0 0 1
HB15242.015.tif 0 0 0 0 1
HB15243.015.tif 0 0 0 0 1
HB15244.015.tif 0 0 0 0 1
HB15245.015.tif 0 0 0 0 1
HB15246.015.tif 0 0 0 0 1
HB15247.015.tif 0 0 0 0 1
HB15248.015.tif 0 0 0 0 1
HB15251.015.tif 0 0 0 0 1
HB15252.015.tif 0 0 0 0 1
HB15254.015.tif 0 0 0 0 1
HB15255.015.tif 0 0 0 0 1
HB15256.015.tif 0 0 0 0 1
HB15257.015.tif 0 0 0 0 1
HB15258.015.tif 0 0 0 0 1
HB15259.015.tif 0 0 0 0 1
HB15260.015.tif 0 0 0 0 1
HB15261.015.tif 0 0 0 0 1
HB15262.015.tif 0 0 0 0 1
HB15263.015.tif 0 0 0 0 1
HB15264.015.tif 0 0 0 0 1
HB15265.015.tif 0 0 0 0 1
HB15266.015.tif 0 0 0 0 1
HB15267.015.tif 0 0 0 0 1